Temp Data:
Values: [6.61666667]
Standard Deviation: 0.00
Mean: 6.62
Median: 6.62

Prcp Data:
Values: [0.13333333]
Standard Deviation: 0.00
Mean: 0.13
Median: 0.13

